1061
60480
20000
39498
8993
38696
28391
18951
37650
3255
61482
24386
32040
49411
65137
56005
11933
43677
61618
5815
16638
35703
4688
51521
32264
36420
42982
8254
57822
21120
3871
46596
16441
20009
23521
26347
21813
46010
6499
48788
64991
28939
19335
43538
6247
2337
38717
55925
5582
60225
44838
12504
40863
60869
3901
13208
14723
61144
30308
55895
26937
35095
55928
34332
29969
49692
12860
12894
2736
40331
64348
28022
19182
21635
59692
28931
36119
24508
28120
26484
16728
38448
35515
4501
22664
60233
28882
16296
31825
10872
22272
64423
48927
49930
39949
34869
42092
59934
54758
3898
61776
10873
4329
48910
26583
52801
59704
17226
50881
20040
47022
49417
22647
18716
7099
27707
20471
8844
17984
13943
50933
50714
36588
11757
38520
38152
49267
46871
32770
1768
53283
37746
18999
12898
15708
32131
65108
22398
27939
17586
23652
42339
89
42115
47362
8000
22377
22646
45306
34695
24488
4839
45901
10692
1213
20385
8622
53879
34245
27841
22531
7638
49877
56474
1542
57913
54768
39717
63481
64952
58125
47133
21961
24622
40847
48602
63583
14291
14983
60174
17419
40748
55112
42130
56020
49980
62000
41713
57987
59717
49164
16269
52877
65494
51586
56612
62968
21
51567
53713
26356
38378
48647
62216
42469
39067
27654
4435
27011
23931
32996
22450
6828
60411
30626
52141
25046
27068
17146
42439
28400
36541
6825
6224
53290
45410
10082
29350
37369
41031
58593
39760
21440
28857
7003
14858
55850
3264
11109
56863
10218
20159
59875
7089
4092
2969
32428
19948
42926
33442
8334
4808
43773
15701
22210
386
20806
45930
49765
50461
54212
52070
46385
698
61412
4008
54488
1624
32490
46377
16171
31231
10127
10102
35333
45506
40534
1367
15859
50277
39934
26403
10986
35673
63383
899
1704
12118
20651
44362
60226
28457
42748
38248
34267
52952
44459
23371
32796
13381
47272
60459
3733
42470
51691
27454
43381
20164
35306
18897
6089
8814
14568
35579
56926
27294
54897
9102
17986
49383
40701
63421
62075
61270
28225
9647
64657
34183
48350
55925
56029
39623
37499
42547
44432
56218
30697
12522
44945
10110
57428
58228
22895
21890
41546
58404
42585
16765
33498
1121
61562
47696
60206
35018
2666
57946
7506
12315
53741
51224
27775
27247
9267
35831
33120
15131
16539
5208
49380
61172
39795
48995
52537
22554
29246
32289
27128
4994
7471
31651
65430
62297
53666
47062
37887
49341
63053
34392
26659
24352
10001
34996
61826
63527
58084
48787
40089
16509
40376
34932
32415
26866
35197
49240
50145
48020
2001
16821
30966
52890
63720
44417
6588
14109
22242
55813
48758
38929
1613
1824
34547
11989
63579
39101
4744
47716
39082
8321
2823
62720
43600
59388
32321
15878
50658
56172
32205
29506
26415
46448
7598
2623
9477
2897
57483
62316
15010
27348
12632
44651
57480
4982
3952
47365
11527
4144
14486
27893
57986
4688
9601
48302
63010
35927
11854
38992
60463
12964
20056
10913
54005
25139
48945
26186
35152
35096
4680
24047
44529
48071
30117
47747
38686
15183
25285
62020
50142
3590
25812
3302
34290
35771
52783
11846
4904
8941
53662
32096
37847
52151
19275
30943
11904
57706
46444
23110
64926
9126
65047
50191
32496
48399
48144
56093
35638
38677
12480
55296
40156
20890
35651
38319
60244
43304
31974
12683
10887
20677
46942
16296
2491
35795
51833
46958
34329
37620
50786
41766
60066
53915
23251
57792
48192
52657
1914
18680
40206
14313
36833
3984
24543
11526
53881
16235
34082
8752
32896
44699
20083
53029
63491
37104
38581
15453
46170
35216
62492
60415
51305
29175
6062
41830
37611
2394
21861
17569
7277
59838
10495
57574
10876
30282
76
20615
14426
48643
42046
10523
62773
20027
2333
33083
14151
46532
54051
6325
11170
38132
25379
57073
59747
56205
9605
32074
1338
40039
14390
13034
46482
17403
20878
35169
207
8853
23996
61151
7121
358
14651
13157
61435
52013
43164
695
60196
23017
34671
25845
2529
60220
44335
56386
6901
2365
13856
3676
47842
21878
27460
57037
32048
21516
5742
10282
16414
22008
33189
47802
11150
63161
683
11071
24278
21635
51156
12147
42957
34256
39323
36279
45332
42135
38870
60517
9157
43657
16761
24970
4645
58093
42308
30691
19364
49679
47247
18387
44747
57388
64005
15626
14780
51847
43108
35346
7741
33004
37991
9232
61606
13573
34760
20692
45641
11089
11625
25255
54705
10195
38742
40345
56896
21211
57722
33857
10970
63705
60201
58351
11634
29491
53515
1132
29883
11255
17357
56321
50025
21258
20887
14237
3648
3488
61379
28453
51505
47203
62238
43279
59661
5649
3603
27944
31812
53194
28965
34454
40648
40422
20929
3920
52480
26724
41408
11660
34013
4346
54570
11368
39865
52933
38967
28214
26966
47293
41872
26443
44221
33030
31804
42309
64726
27517
24171
36788
23793
11922
2531
23891
45800
59980
52024
58192
63955
30336
18868
50310
3870
31616
9695
56163
24838
40856
54157
58535
60096
23529
51950
47466
13499
5449
55877
13935
15349
62791
11330
5015
33680
52520
20770
56008
19633
25772
2515
14353
15309
55491
47012
32579
7391
49064
38850
23628
8959
20455
31559
46348
57459
45971
37353
13294
21609
28572
27167
19478
10097
36427
15472
47371
31180
17012
25731
5704
17172
31778
63554
42427
2929
26361
22312
20707
59550
51954
24929
23871
58753
37202
35416
54391
59256
20100
58460
51533
27158
13671
32317
5639
1453
38588
22409
65070
14477
24351
57164
63049
47857
33852
27569
20161
15358
7819
39258
22042
36786
60531
46922
55195
29684
5635
45807
27021
23271
27211
46722
28362
25528
43162
26060
52533
30371
11484
22956
21506
34257
65386
56523
29577
18582
37352
41676
62246
31369
40083
6787
39570
10500
40454
25178
35204
59813
31489
53077
7213
51169
61617
23164
33845
14472
51776
20697
38299
44315
42666
61254
64622
18310
11769
30660
5425
22070
47464
4555
52409
25109
2290
58562
14161
49353
52862
17156
22631
28442
50055
4066
56847
59018
5677
25307
17583
14234
11791
37247
63776
52454
52376
32480
4418
19303
6061
18135
9711
20324
11587
64380
46170
42157
62042
20406
18964
47422
11477
16795
7288
44150
58701
26077
44134
38914
6482
37420
49256
43897
65279
47630
31603
60953
21818
49130
13370
977
20592
22000
8740
4492
48694
22348
4157
51586
39785
64812
17849
